nothing
1000;2,10,26,50,82,122,170,226,290,362,442,530,626,730,842,962,
nothing
1000;4,12,20,44,60,68,76,84,100,108,132,140,148,164,172,180,212,228,244,252,276,284,308,332,348,364,380,388,420,444,468,476,492,500,508,524,532,540,548,564,572,588,604,620,644,660,684,692,740,748,788,812,828,860,868,884,892,908,932,948,964,972,
nothing
1000;6,14,30,38,46,54,62,102,110,118,150,158,174,182,198,230,246,262,270,278,294,318,326,334,350,374,390,398,406,422,462,478,510,542,550,558,606,614,638,654,662,678,702,710,726,734,758,774,798,822,830,846,854,878,910,926,942,982,998,
nothing
1000;8,16,24,40,56,64,72,88,96,104,112,144,152,160,168,176,184,200,208,216,248,264,296,304,312,320,328,336,360,408,416,440,448,472,488,496,504,520,536,544,552,560,568,576,584,592,600,632,640,648,656,672,688,696,704,728,736,744,768,808,816,824,832,840,848,856,872,880,888,896,920,928,952,968,976,984,
nothing
1000;10,18,34,58,74,82,90,98,122,130,154,178,194,202,210,226,234,242,250,282,322,362,394,402,418,426,434,442,450,474,490,538,602,618,634,642,650,658,674,682,738,754,770,802,818,826,834,850,874,914,922,930,938,978,994,
nothing
1000;12,20,28,52,68,108,132,188,220,268,276,284,292,308,324,332,364,388,420,444,468,476,524,532,540,548,564,572,580,588,620,628,644,676,700,724,732,748,804,812,828,844,884,932,948,980,
nothing
1000;14,22,38,46,54,62,70,78,86,102,134,158,166,174,214,222,254,262,278,286,302,310,326,366,374,390,406,414,430,438,446,454,470,486,494,502,510,526,542,558,582,598,606,630,638,646,678,694,702,710,742,750,766,774,782,790,798,822,830,854,886,902,918,926,934,950,958,966,974,982,990,998,
nothing
1000;16,24,32,48,64,72,88,104,120,128,136,144,152,192,216,224,232,248,256,264,272,280,296,328,352,360,368,392,400,408,416,424,448,480,496,504,512,544,568,576,584,592,624,632,648,664,672,680,688,696,704,736,760,776,784,808,816,848,856,864,872,880,896,904,912,920,936,952,1000,
nothing
1000;18,26,42,66,98,138,146,154,170,186,194,226,242,266,306,314,370,378,402,410,426,434,450,458,482,506,522,546,570,586,626,642,674,690,746,762,770,786,794,810,834,842,858,866,874,906,930,954,978,986,
nothing
1000;20,28,36,60,76,84,92,100,116,124,180,196,204,212,220,252,260,268,276,284,300,308,316,348,356,364,372,380,388,412,428,436,444,452,468,500,508,516,556,564,572,604,628,660,668,676,692,700,708,716,756,764,780,788,796,804,820,828,836,844,852,860,884,892,916,924,932,940,948,964,980,996,
nothing
1000;22,30,46,54,62,70,78,118,126,134,150,158,166,182,206,214,254,278,286,302,310,318,326,334,350,366,374,406,414,430,438,446,454,470,502,510,526,534,542,582,598,606,646,662,686,694,702,734,742,750,758,782,790,798,822,830,846,854,886,910,918,926,934,950,958,974,982,990,
nothing
1000;24,32,40,56,72,80,88,104,112,120,128,152,176,192,208,224,240,248,256,264,280,288,296,304,336,360,376,392,416,432,448,456,464,480,496,504,520,536,544,552,560,584,616,632,640,648,656,664,672,680,704,712,720,752,776,864,896,920,928,936,944,952,960,
nothing
1000;26,34,50,74,90,98,106,114,138,146,154,162,170,178,194,202,210,234,250,258,274,322,346,354,370,386,394,426,442,450,474,482,498,522,530,538,546,562,570,586,602,610,626,634,642,658,666,674,690,698,722,746,754,770,778,794,802,842,858,898,906,930,938,954,970,986,994,
nothing
1000;28,36,44,68,84,124,148,156,164,172,196,204,212,236,252,276,284,292,300,308,324,332,340,348,364,380,404,460,476,484,492,540,548,556,580,588,596,604,612,636,644,660,692,740,748,764,772,796,804,812,820,828,836,844,852,860,900,916,924,932,940,948,956,972,980,996,
nothing
1000;30,38,54,62,70,78,86,94,102,118,150,158,166,174,198,206,214,222,238,246,270,294,310,326,342,358,366,382,390,398,414,422,438,446,454,470,478,526,542,550,558,566,574,582,590,614,630,638,654,670,678,694,718,726,742,750,758,790,806,854,862,870,886,918,990,
nothing
1000;32,40,48,64,80,88,104,120,136,144,152,176,192,216,240,312,336,344,360,384,392,400,416,424,448,488,568,584,592,600,608,616,632,648,672,704,736,760,792,800,808,816,824,832,840,848,856,864,880,904,912,920,928,944,960,984,
nothing
1000;34,42,58,82,114,154,202,258,290,298,314,322,338,370,394,410,458,474,514,562,578,650,658,730,762,802,810,818,826,850,874,882,914,922,970,994,
nothing
1000;36,44,52,76,92,100,108,116,132,140,164,172,180,196,204,212,244,260,276,284,292,300,316,332,340,348,356,372,380,388,412,428,436,460,468,476,508,516,524,556,580,604,668,692,708,716,724,732,756,764,772,788,796,804,820,828,836,852,860,868,884,916,924,980,996,
nothing
1000;38,46,62,70,78,86,94,134,142,150,182,190,206,214,230,262,278,310,318,334,342,358,366,382,390,398,422,430,446,454,462,470,486,494,510,518,534,542,550,558,566,574,590,606,614,622,646,662,670,678,734,742,750,758,790,798,814,830,878,886,894,918,926,966,982,990,
nothing
1000;40,48,56,72,88,96,104,120,128,136,144,176,184,192,200,208,216,232,240,248,280,304,312,336,368,376,384,400,432,456,464,480,488,496,520,528,568,576,632,648,664,672,680,688,696,720,768,784,792,800,816,832,840,856,864,872,888,896,936,960,968,984,992,
nothing
1000;42,50,66,90,106,114,122,130,154,162,186,210,226,234,242,258,266,274,282,298,306,314,322,346,354,362,370,378,386,394,410,418,426,434,442,450,458,474,490,498,506,514,530,538,610,634,666,674,722,730,738,762,770,778,786,802,810,818,826,850,866,874,898,938,978,994,
nothing
1000;44,52,60,84,100,140,164,220,252,324,364,452,500,604,660,780,844,980,
nothing
1000;46,54,70,78,86,94,102,110,118,134,166,190,198,206,246,254,286,294,302,318,326,350,366,374,390,398,406,438,454,470,478,486,510,518,526,534,550,558,566,598,630,638,654,670,694,702,710,718,758,790,806,814,838,878,886,894,902,926,934,950,966,974,
nothing
1000;48,56,64,80,96,104,120,136,152,160,168,176,184,224,248,256,264,280,288,296,320,328,336,352,376,384,400,408,416,448,456,504,520,528,552,560,568,576,584,600,608,624,640,648,664,688,720,728,784,800,808,824,840,856,896,936,952,960,976,
nothing
1000;50,58,74,98,130,170,178,186,202,218,226,258,274,298,306,314,330,338,346,354,386,402,410,426,466,474,490,530,538,578,594,618,666,674,690,698,706,714,738,746,770,778,802,810,834,858,890,906,914,930,946,954,970,978,994,
nothing
1000;52,60,68,92,108,116,124,132,148,156,212,228,236,244,252,284,292,300,324,332,340,364,372,396,420,444,460,476,492,508,532,556,564,572,644,652,668,676,692,708,716,748,756,804,812,844,860,868,892,900,916,972,980,988,996,
nothing
1000;54,62,78,86,94,102,110,150,158,166,182,190,198,214,238,246,286,382,398,414,422,454,462,478,486,494,534,558,590,598,606,622,630,654,662,678,702,742,758,766,774,782,798,822,830,846,894,926,942,950,974,982,
nothing
1000;56,64,72,88,104,112,120,136,144,152,160,184,208,224,240,256,272,280,288,296,336,344,360,376,400,416,424,440,448,488,544,616,624,672,688,696,712,720,768,792,848,856,880,888,896,912,928,936,944,952,984,992,1000,
nothing
1000;58,66,82,106,122,130,138,146,170,178,186,194,202,210,226,234,242,266,282,290,306,314,322,338,354,362,394,418,434,442,450,466,474,490,498,506,514,522,530,538,546,554,570,578,594,602,610,618,666,682,690,698,706,714,722,738,754,762,770,778,802,818,826,834,858,874,890,906,922,962,994,
nothing
1000;60,68,76,100,116,156,180,188,196,204,228,236,244,268,284,308,340,364,380,396,444,452,460,484,500,508,516,540,564,596,644,652,676,724,748,764,796,804,828,836,844,852,860,868,884,900,948,988,996,
nothing
1000;62,70,86,94,102,110,118,126,134,150,182,190,198,206,230,238,246,254,270,278,302,318,350,366,382,398,406,414,422,430,438,462,470,478,494,526,534,574,590,606,622,630,654,662,678,734,742,750,766,774,782,790,814,822,838,846,902,918,926,942,974,982,998,
nothing
1000;64,72,80,96,112,120,136,152,168,176,184,208,224,248,272,320,328,336,344,352,408,416,440,448,456,464,504,520,528,616,640,664,672,688,712,768,776,792,824,880,888,912,936,992,
nothing
1000;66,74,90,114,146,186,234,290,354,426,506,578,586,594,602,626,658,690,698,746,794,802,866,906,938,
nothing
1000;68,76,84,108,124,132,140,148,164,172,196,204,212,228,236,244,276,292,308,316,340,348,372,396,412,428,444,452,484,508,532,540,556,564,572,580,604,612,620,628,644,660,668,676,716,740,788,812,820,828,860,876,884,892,908,932,940,948,964,972,
nothing
1000;70,78,94,102,110,118,126,166,174,182,214,222,238,246,262,294,310,326,334,342,358,382,390,398,414,438,454,462,470,486,526,542,574,582,590,630,638,670,686,694,702,718,734,742,750,758,766,790,798,806,846,854,862,870,886,902,918,926,942,950,966,982,990,998,
nothing
1000;72,80,88,104,120,128,136,152,160,168,176,208,216,224,232,240,248,264,272,280,312,328,360,368,376,384,392,400,424,472,480,504,512,536,552,560,568,592,608,624,656,672,680,688,696,704,712,728,744,768,776,784,800,808,824,832,840,920,944,952,960,
nothing
1000;74,82,98,122,138,146,154,162,186,194,218,242,258,266,274,290,298,306,314,346,386,426,458,466,482,490,498,506,514,538,554,586,594,602,610,634,650,658,674,682,714,722,730,738,746,754,770,778,786,810,826,834,858,866,882,890,914,970,986,
nothing
1000;76,84,92,116,132,172,196,252,284,332,340,348,356,372,388,396,428,452,484,508,532,540,612,636,652,692,740,788,812,844,852,860,876,884,892,900,940,948,964,
nothing
1000;78,86,102,110,118,126,134,142,150,166,198,222,230,238,278,286,318,326,342,350,366,374,390,430,438,454,470,478,494,502,510,518,534,550,558,566,574,598,606,614,630,638,654,670,678,694,702,734,750,758,766,774,790,798,806,814,846,878,894,902,918,942,998,
nothing
1000;80,88,96,112,128,136,152,168,184,192,200,208,216,256,280,288,296,312,320,328,336,344,360,392,416,424,432,456,464,472,480,488,512,544,560,568,576,592,600,624,632,656,664,680,688,704,720,736,744,752,760,792,808,832,856,880,904,912,920,960,992,
nothing
1000;82,90,106,130,162,202,210,218,234,250,258,290,306,330,370,378,434,442,466,474,490,498,514,522,546,570,586,594,602,610,618,634,642,650,674,690,706,714,722,730,738,746,754,762,770,802,810,818,826,834,842,850,858,874,882,890,898,906,922,930,938,946,954,970,978,986,994,
nothing
1000;84,92,100,124,140,148,156,164,180,188,244,260,268,276,284,316,324,332,340,348,364,372,380,412,420,428,436,444,452,476,492,500,508,516,532,564,572,580,596,604,612,620,628,652,660,676,700,724,732,740,764,788,796,820,836,868,876,900,908,916,932,940,964,980,996,
nothing
1000;86,94,110,118,126,134,142,182,190,198,214,222,230,246,270,278,318,342,350,366,374,382,390,398,414,430,438,470,478,494,502,510,518,534,566,574,590,622,630,638,654,662,670,694,702,734,742,750,766,782,790,798,806,814,822,830,846,878,902,918,926,942,974,998,
nothing
1000;88,96,104,120,136,144,152,168,176,184,192,216,240,256,272,288,304,312,320,328,344,352,360,368,400,424,440,456,480,496,512,520,528,544,560,568,584,624,632,656,664,688,712,720,736,744,752,776,800,824,832,856,864,872,880,912,928,936,952,960,968,984,1000,
nothing
1000;90,98,114,138,154,162,170,178,202,210,218,226,234,242,258,266,274,298,314,322,338,386,410,418,434,450,458,490,506,514,538,546,562,586,594,634,682,698,706,714,746,762,770,778,818,826,842,850,858,866,898,906,930,946,994,
nothing
1000;92,100,108,132,148,188,212,220,228,236,260,268,276,300,316,340,348,356,364,372,388,396,404,412,428,444,468,524,540,548,556,652,668,676,708,732,740,748,756,772,780,788,804,836,852,892,940,956,964,988,996,
nothing
1000;94,102,118,126,134,142,150,158,166,182,214,222,230,238,262,270,278,286,302,310,334,358,374,390,406,422,430,446,454,462,478,486,502,510,518,534,542,590,622,662,670,702,718,726,750,758,774,798,806,846,854,886,902,926,942,950,958,966,974,982,990,998,
nothing
1000;96,104,112,128,144,152,168,184,200,208,216,240,256,280,304,376,400,408,424,448,456,464,480,488,512,552,608,616,624,632,640,648,672,720,728,736,752,792,800,816,824,856,864,872,880,896,904,928,936,944,960,984,1000,
nothing
1000;98,106,122,146,178,218,266,322,354,362,378,386,402,434,458,474,522,538,578,610,618,626,634,642,658,690,714,722,730,778,794,826,834,882,898,938,970,978,
nothing
1000;100,108,116,140,156,164,172,180,196,204,228,236,244,260,268,276,308,324,340,348,356,364,380,396,404,412,420,436,444,452,476,492,500,524,532,540,572,580,588,612,628,644,652,676,684,692,708,716,732,740,748,796,828,876,884,900,908,956,964,980,
